H = [0 1/2 1/3 1/4 0;
    1/2 0 0 1/4 1/2;
    1/2 1/2 1/3 1/4 0;
    0 0 0 0 1/2;
    0 0 1/3 1/4 0];

beta = 0.8;

m = 1/5 * ones(5,5);

v = [1/5 1/5 1/5 1/5 1/5]';

A = beta * H + (1 - beta) * m;

x10 = A^10 * v;


    
    